1734927121865,T20Y,100.771,-0.0195312
1734927122166,T05Y,100.363,0.015625
1734927122467,T05Y,100.566,0.0078125
1734927122768,T10Y,99.9414,0.0078125
1734927123069,T10Y,99.9844,0.015625
1734927123370,T20Y,100.641,0.0078125
1734927123671,T07Y,99.8027,-0.0195312
1734927123972,T10Y,99.3906,0.0078125
1734927124273,T07Y,100.703,0.015625
1734927124574,T30Y,100.963,-0.0273438
1734927124875,T05Y,100.605,0.015625
1734927125176,T10Y,100.441,0.0078125
1734927125477,T03Y,100.316,0.0078125
1734927125778,T05Y,100.494,-0.0273438
1734927126079,T30Y,99.8906,0.015625
1734927126380,T05Y,100.574,0.015625
1734927126681,T30Y,100.879,0.0078125
1734927126982,T10Y,99.8965,-0.0195312
1734927127283,T20Y,100.77,0.015625
1734927127584,T03Y,100.391,0.0078125
1734927127885,T10Y,99.8164,0.0078125
1734927128186,T30Y,99.7031,0.0078125
1734927128487,T03Y,100.785,0.0078125
1734927128788,T10Y,99.8906,0.0078125
1734927129089,T05Y,100.771,-0.0195312
1734927129390,T03Y,99.8594,0.015625
1734927129691,T30Y,100.57,0.0078125
1734927129992,T05Y,100.646,-0.0195312
1734927130293,T10Y,100.703,0.015625
1734927130594,T20Y,100.553,-0.0195312
1734927130895,T05Y,100.838,-0.0273438
1734927131196,T30Y,100.678,-0.0195312
1734927131497,T20Y,100.57,0.0078125
1734927131798,T07Y,99.4316,-0.0273438
1734927132099,T03Y,99.5195,0.015625
1734927132400,T30Y,99.5215,-0.0195312
1734927132701,T10Y,100.32,0.0078125
1734927133002,T03Y,99.3906,0.015625
1734927133303,T05Y,100.863,0.015625
1734927133604,T30Y,100.775,-0.0273438
1734927133905,T20Y,100.391,0.0078125
1734927134206,T03Y,99.6094,0.0078125
1734927134507,T03Y,99.6953,0.0078125
1734927134808,T30Y,99.3691,-0.0273438
1734927135109,T20Y,100.641,0.015625
1734927135410,T05Y,100.391,0.0078125
1734927135711,T02Y,100.395,0.015625
1734927136012,T05Y,100.369,-0.0273438
1734927136313,T03Y,99.6191,-0.0273438
1734927136614,T20Y,100.734,0.0078125
1734927136915,T02Y,99.6191,-0.0273438
1734927137216,T20Y,100.348,0.0078125
1734927137517,T03Y,99.9277,-0.0195312
1734927137818,T07Y,100.664,0.0078125
1734927138119,T02Y,100.396,-0.0195312
1734927138420,T05Y,99.6289,0.0078125
1734927138721,T10Y,100.918,0.015625
1734927139022,T20Y,100.484,0.0078125
1734927139323,T10Y,99.6758,0.015625
