1734927121559,T02Y,99,0,0,99
1734927121559,T02Y,99,-101,0,-2
1734927121559,T02Y,99,-101,99,97
1734927121559,T02Y,-2,-101,99,-4
1734927121559,T02Y,-2,-2,99,95
1734927121559,T02Y,-2,-2,-2,-6
1734927121559,T02Y,97,-2,-2,93
1734927121559,T02Y,97,-103,-2,-8
1734927121559,T02Y,97,-103,97,91
1734927121560,T02Y,-4,-103,97,-10
1734927121560,T03Y,99,0,0,99
1734927121560,T03Y,99,-101,0,-2
1734927121560,T03Y,99,-101,99,97
1734927121560,T03Y,-2,-101,99,-4
1734927121560,T03Y,-2,-2,99,95
1734927121560,T03Y,-2,-2,-2,-6
1734927121560,T03Y,97,-2,-2,93
1734927121560,T03Y,97,-103,-2,-8
1734927121560,T03Y,97,-103,97,91
1734927121560,T03Y,-4,-103,97,-10
1734927121560,T05Y,99,0,0,99
1734927121560,T05Y,99,-101,0,-2
1734927121560,T05Y,99,-101,99,97
1734927121560,T05Y,-2,-101,99,-4
1734927121560,T05Y,-2,-2,99,95
1734927121561,T05Y,-2,-2,-2,-6
1734927121561,T05Y,97,-2,-2,93
1734927121561,T05Y,97,-103,-2,-8
1734927121561,T05Y,97,-103,97,91
1734927121561,T05Y,-4,-103,97,-10
1734927121561,T07Y,99,0,0,99
1734927121561,T07Y,99,-101,0,-2
1734927121561,T07Y,99,-101,99,97
1734927121561,T07Y,-2,-101,99,-4
1734927121561,T07Y,-2,-2,99,95
1734927121561,T07Y,-2,-2,-2,-6
1734927121561,T07Y,97,-2,-2,93
1734927121561,T07Y,97,-103,-2,-8
1734927121562,T07Y,97,-103,97,91
1734927121562,T07Y,-4,-103,97,-10
1734927121562,T10Y,99,0,0,99
1734927121562,T10Y,99,-101,0,-2
1734927121562,T10Y,99,-101,99,97
1734927121562,T10Y,-2,-101,99,-4
1734927121562,T10Y,-2,-2,99,95
1734927121562,T10Y,-2,-2,-2,-6
1734927121562,T10Y,97,-2,-2,93
1734927121562,T10Y,97,-103,-2,-8
1734927121562,T10Y,97,-103,97,91
1734927121562,T10Y,-4,-103,97,-10
1734927121563,T20Y,99,0,0,99
1734927121563,T20Y,99,-101,0,-2
1734927121563,T20Y,99,-101,99,97
1734927121563,T20Y,-2,-101,99,-4
1734927121563,T20Y,-2,-2,99,95
1734927121563,T20Y,-2,-2,-2,-6
1734927121563,T20Y,97,-2,-2,93
1734927121563,T20Y,97,-103,-2,-8
1734927121563,T20Y,97,-103,97,91
1734927121563,T20Y,-4,-103,97,-10
1734927121563,T30Y,99,0,0,99
1734927121563,T30Y,99,-101,0,-2
1734927121563,T30Y,99,-101,99,97
1734927121563,T30Y,-2,-101,99,-4
1734927121563,T30Y,-2,-2,99,95
1734927121564,T30Y,-2,-2,-2,-6
1734927121564,T30Y,97,-2,-2,93
1734927121564,T30Y,97,-103,-2,-8
1734927121564,T30Y,97,-103,97,91
1734927121564,T30Y,-4,-103,97,-10
